 9999
 1784
 2038
 8441
  312
 8366
 2530
   86
 5930
 4562
 3197
 5060
 2215
 7477
 3976
 6377
 2017
 2553
 3220
  476
 2945
 7537
 9396
   26
   70
 2865
 8525
 4061
 6466
 4190
 9790
 8893
 6728
 8435
 2637
 6050
 6392
 1115
 9935
 9784
 3926
 4771
 8845
 3435
  657
 2762
 6298
 2579
 9234
 5841
 3552
 2662
 3858
 4331
 3522
 1493
 9583
 4171
  689
 4670
 8506
  119
 6203
 5089
 9451
 6436
  155
 9990
 5652
  259
 9734
  575
 1459
 6894
 3879
 4766
 9635
 9662
 7971
 9924
 4435
 9301
 2157
 6447
 8919
 5415
 3956
 4067
 4825
 2998
 1185
 2845
 8339
 7562
 9103
 5673
 1742
 7932
 9159
 2354
 4142
 4889
 3018
 6627
 9439
 3894
  702
 4258
 3704
 3562
 1504
 4635
 7992
 5005
 4878
 4660
 2208
 8064
 1149
 3314
 4726
 6283
 2956
 5762
 3227
 5859
 1335
 4547
 7218
 9654
 2721
 9081
 6768
 8387
 5418
 7200
 7346
 9561
 1906
 6337
 8456
 2985
 3515
 4194
 2419
 5941
 2974
 6286
 2287
 1695
  217
 5130
 7060
   20
  641
 2732
 5344
 1596
 4108
 5572
 1878
 7008
 7406
 2589
 3910
 7360
 8869
 9931
 7387
 4270
 7204
 9705
 5380
  428
 9882
 3218
 3815
 8858
 7124
 9672
 5090
 5347
 4870
 1137
 5204
 3057
 8647
 6149
 3930
 7083
 8981
 1989
 1896
 7742
 8818
 9202
  750
 3622
 9960
 7753
 4051
 1925
 1740
 8418
 3310
 9363
 3722
 8573
 4950
 6480
 8163
 3647
  546
 7340
 8155
 4534
 9126
 1685
 8194
 1507
 6809
 5602
  838
 1161
 8388
 7726
 2492
 2497
  191
 4445
 2643
 6921
  196
 5561
 4334
 2531
 7618
 8139
 3166
 6507
 6498
 3927
 4649
  341
 2401
 7110
 8719
 9209
 9064
 2249
 1303
 4573
 1397
  793
 4222
 3300
 2525
 1983
 1907
 1988
 2246
 2628
 8508
 9717
 3472
 8190
 6872
 6137
 2851
 4253
  167
 4760
 4132
 1400
  792
 7290
 4063
 1217
 4368
 1987
 7507
 1363
 8076
 3987
 3141
 2294
 2316
 4178
 4517
  882
 3502
 5215
 6069
 9035
 4891
   85
   16
 6789
 1417
 3015
 9166
 4508
 3215
  303
  673
 9055
 3311
 7275
 1034
 8601
 1155
 3243
 6781
 6246
 7746
 9859
 9135
 8148
 3242
 3959
 1446
 8691
 1261
 9930
 6886
 4485
 7027
 8044
 1387
 2122
 8426
 3847
 1932
 6584
 1758
 8951
 7761
 7527
 5032
 8119
 5399
 8022
 5228
 9661
 4348
 1276
  342
 3733
 1766
 5184
 5855
 2391
  486
 8964
 6668
 1336
 6204
 8112
 5115
  164
 4673
 3187
 9617
   89
 1614
 7622
 9051
 5319
 2188
 5745
 8796
 9704
 1703
 7582
 2456
 6015
 1881
 5958
 6170
  639
 9659
 5336
 6219
 8599
 7763
  979
 1923
 6539
 3877
   18
 5446
  396
 6856
 1455
 6577
 8355
 9535
 4936
 8008
 2575
  162
 6642
 4436
 7651
 2233
 4104
 6400
 8645
 1206
 5256
 9142
 8380
 4093
 9991
  202
 6390
 8708
 6269
 5338
 2840
 1662
 6510
 3329
  663
 8664
 3096
 6238
 5942
 1974
 8503
 4433
 9835
 9077
 1173
 6075
 8763
 6095
 7654
 7530
 3209
 1762
 1870
 9843
 4074
 1107
 2725
 2275
 7515
 8639
 9600
 8461
 3026
 6785
  939
 5591
 7969
 7901
 9041
 9510
  322
 8301
 1461
 1288
 1473
 7239
 4367
 8855
 2053
 5198
 5134
 7917
 1533
 9056
  332
 3396
  876
 8988
 6486
 5833
 9501
  254
 6396
 6457
  267
  504
  569
 1254
 7735
 6451
 3444
 7997
  316
  205
 5866
 4880
 6152
 9588
 3924
 2353
 9966
 7918
 6928
 8622
 3903
 1963
 1753
 1993
 1548
  874
 2434
 7539
 4443
 1175
 9354
 5792
  837
 2021
 8771
 7408
 1845
 7981
   91
 8661
 1365
 9961
 3131
 9260
 2423
 1262
 6980
 3157
 9823
 5613
  646
 5166
 4097
 4202
 2044
 6857
 8019
 3692
 4994
 8189
 1475
 3979
 8472
 2104
 4791
 6381
 6110
  655
  634
  160
 1490
 4214
 9296
 4798
 8954
 7535
 2962
 1313
 4737
 4314
 1244
 8051
 1382
  914
 8520
 5027
 6000
 2382
 9969
 9009
 1899
 8680
 7957
 5685
 7695
 9021
 4439
 8868
 9689
  431
 4098
  133
 2879
  943
 8570
 7680
  286
 3204
  190
 7649
 7935
 5616
 7368
 7238
 6616
 1666
 3355
 2631
 2240
   56
 8530
 4081
 3428
 3258
 2507
 4026
 9645
   32
 3190
  644
 9910
 4047
  245
 9870
 1562
 8026
 8157
 6029
  980
  706
 7479
  374
  769
 4313
 1955
 4723
  268
 4873
 2564
 8288
 7230
 4952
 3441
  319
 7861
  519
 5074
 8222
 5419
 2563
 6526
 4997
 6231
 6310
 7634
  841
 5552
 1678
 3645
 9706
 5433
 3091
 9391
 7180
 2052
 8227
 9410
 3898
 9683
 9441
 1827
 6658
 9371
 7730
 6625
 6302
 8057
 6630
 1474
 5259
 6273
  501
  292
 2306
  833
 5278
 1864
 1278
  536
 8694
 8015
 9979
 5808
 5995
 6258
 5450
   73
 9593
 5891
 4797
 8571
 4859
 5391
 5388
 8284
   63
 6267
 3493
  852
 8328
 9925
 3869
  803
 3829
 1226
 6184
  928
 3637
 4216
 1245
 6623
 6758
 2162
  699
 2389
 6462
 2076
 3635
 7312
   14
 4632
 2698
 7936
 7480
  747
 8630
 6546
 1733
 9785
 1810
 2701
 3307
 1128
 2573
 2699
 4268
 3066
 2678
 3896
 8058
 1835
 1962
 8028
 1187
 3208
 5401
  252
 9245
 9221
 2260
   79
 5031
 6375
 6096
 5756
 9851
 3350
 1071
 3761
 4522
 4471
 8233
 8490
 6817
 2168
  423
 3271
 5876
 3276
 2359
 9224
  816
 4793
 3134
 2805
 9677
 2060
 2318
 6911
 7818
 9764
 8880
 2263
 1381
 4855
 3052
 9314
 4454
  970
 5424
 8397
 3574
 1737
 1370
 2726
 1836
 5621
  368
 6496
 4333
 5907
 2547
 4205
 7542
 1384
 3703
  695
 5533
 8331
 6988
 5899
 9122
  935
 8352
  541
   81
 4617
 4727
 9374
 1521
 7258
 6641
   40
 1505
 8995
 9819
 6602
 4940
 2065
 2340
 1909
 3371
 5914
 2087
 7950
 6241
  176
 4788
 9701
 5121
 7859
  700
 6900
 9599
 6954
 7428
 6120
 1485
 3768
  271
 2722
 3807
 5292
 9864
 8455
 4257
 8539
 9606
 6604
 5819
 2418
 5873
 4992
 2828
 4704
 4417
 5924
 8735
  129
 1301
 6650
 2759
 2043
 2325
 7485
 9217
 8678
 6007
 2343
 6503
 7269
 6428
 9453
  911
 2754
 7361
 6500
 6591
 4957
 9220
  137
  441
 3086
 6423
 4065
 1114
 6276
 4477
 8103
 7348
 7333
 5314
 6281
 8592
 6944
 9366
 1093
  734
  170
 1715
 7876
 6778
 9953
 8786
 3399
 7028
 6780
 9577
 1995
 5574
  280
 7454
 3033
  966
  141
 8309
 7684
 7482
 5925
 4564
 5067
  159
  224
 9879
  337
 5773
 7925
  169
 7380
 1717
 4655
 8263
 3998
 7281
 7099
 1389
 6420
 1971
 1428
 7155
 2163
 4560
 8993
 3629
 9810
 6367
 4513
 8067
 3203
 9060
 7070
 9850
 6567
 9318
 2367
 7374
 3997
 2106
 3387
 2854
 1111
  640
  291
 5529
 7337
 4037
 3541
 9522
 5054
 8541
 7209
 2099
 1788
 8001
 3535
 7943
 6566
 2200
 4024
 6851
 2625
 8521
 3494
 6847
 7251
 5286
 2336
 3267
 6116
 3908
 8248
 1223
 3256
 8010
 8535
 5711
 3738
 8991
 1399
 3981
 9257
 4542
 7794
 6754
 6860
  145
 3420
  884
 9053
 8890
 2848
 9595
 7658
 8550
 8879
 5400
 2132
 5072
 2826
 5350
 2358
 4867
 1494
 8479
 4685
 3259
 6261
 2541
 5262
 4245
 3025
 5258
 5723
 8172
 6368
 9321
  383
 4948
 5092
 4274
  759
 9524
 9799
  449
 9758
 1180
 2847
 8403
 6012
 9306
 7513
 3200
 3888
 5381
 8518
 1229
 5544
 9986
 8859
 3374
 5128
 5305
 2674
 4794
  149
 8650
 1668
 6935
 2986
 1903
 6384
 6344
 7092
 7593
 2822
 3934
 4254
 6487
 3752
 6161
 8144
 6620
 1710
 1205
 5810
  796
 4599
 8949
 9902
 9946
 5008
 8802
 6354
  730
 3099
 8279
 7744
 9621
 1074
 8649
 4852
 3239
 9759
 1922
 8029
 3875
 3577
  659
 9378
 1791
  218
 5987
 6242
 4741
  586
 1174
  478
 6205
 4420
 7161
 1665
 6903
 4218
 6017
 9328
 3151
 9315
  582
  311
 9477
 8928
 2480
  529
 4713
 6077
  419
 4379
 7856
 7123
 3451
 2619
 6309
  430
 5339
 4757
 1656
 6032
 3530
 5627
 7899
 1337
   34
 1811
 9743
 6361
 6791
  648
 2335
 1586
 3044
 4770
 3962
 3917
 9392
 6104
 5502
 5657
 6587
 7614
 4524
 8667
 7242
 2186
 7411
 5169
 3298
  923
 3993
 2351
 9537
 1978
  289
 7310
 2467
 8898
 5455
 8032
 4722
 5678
 6803
 9624
  349
 2905
  924
 6937
 9197
 7217
 6702
 4234
 2837
 8563
  505
 5501
 8737
 9605
 2626
 6059
 5683
 5992
 2958
 2931
 5248
 3766
 9679
 5939
 2595
 1037
 7140
 6588
 9031
 2196
 2706
 2770
  106
 3974
 9548
 8316
  211
 2836
 4192
 7225
 2935
 7721
 8510
 3606
 3928
 5802
 8428
  471
  918
 6631
 4565
 5284
  740
 8318
 1959
 8739
 8109
  343
 7416
   95
 7881
 5547
 9549
 6371
 7075
  859
 8769
  309
 9138
 5224
 7608
 2113
 3773
 3445
  461
 4301
 5771
  742
  285
 5496
 2048
 3814
 4043
 4227
 1009
 8230
 1664
 9073
 1816
 1203
 7603
 3975
 9037
 2136
 5713
  283
 5801
 4181
 4182
 8768
 4763
 7731
 3369
 3720
 8509
 5274
 6875
 3828
 4661
 3092
 2360
 8357
 9730
 6527
 7892
 8412
 7578
 3800
 3053
 3660
 4710
 8145
 7391
 2764
 6399
 5146
 4491
 4416
 3226
 1595
 7860
 2093
 7793
 7101
 3354
 1489
 5816
 5649
 3414
 6162
 5623
 6292
 6234
  774
 8715
 9407
 9225
 4971
 4823
 2018
 5788
 5542
 4273
 4146
 2648
 8972
 8959
 7015
 4850
 9087
 8908
 4375
 6594
 8000
 1981
 4356
  314
 7055
 6547
 7271
 8871
 6600
  371
 3511
 5583
 5507
 8108
 8947
 4569
 9054
 5504
  250
  389
 2534
 8617
 4329
  531
 4388
 8969
 5527
 5710
 8507
 6358
 6714
 8462
 9667
 6647
 2245
 2666
 7834
 3093
 6232
 8158
 8020
 7256
 4062
 2735
 4244
 7010
 2896
 2856
 3148
 9545
 8862
 8651
  559
 5976
 2644
 4886
 1454
 3833
 9813
 2730
  745
 8402
 5812
 2338
 7773
 9016
 8348
 4774
 7436
 7030
 5577
 2580
 6070
 6342
  703
  672
  972
 4719
 2876
 1352
  243
 5953
  893
 1975
 7184
 3513
 8673
 6915
 5926
 1369
 6291
 1633
 3789
 8326
 6559
  739
 5729
 7384
 9887
 8146
 8202
 9283
 1998
 8787
 8164
 9421
 3235
  721
  685
 6411
 2135
 7835
 9773
 2745
 7487
 6861
 6868
 6051
 6185
 6102
 5938
 7519
 5648
 5679
 4479
 2404
 2713
 1565
   38
 9072
 8696
 1958
 5194
  324
 3937
 5213
 8957
 4613
  212
 9977
 5216
 2942
 4698
 7885
 7181
 9646
 7956
 9434
 7074
 7865
 9873
 2490
 9008
 9858
   31
 5449
 3030
 6670
  346
 7087
 1248
 2502
 7233
 8534
 7858
 5063
 2383
 5386
 5165
 6882
 4275
   99
 7349
 9196
 4974
 6106
 6734
 3411
 2433
 7399
 3225
  562
 2969
 4005
 1253
 7819
 6444
 3961
 9755
  862
 1112
 2548
 5458
 1080
 6966
 1120
 4277
 6888
 1095
 8710
 5913
   76
 4914
 8003
 9015
 9811
 7409
 7930
 7153
 6897
 6748
 3980
 3745
 4688
 3293
 2599
 5421
 6586
 6521
 6802
 5641
 8246
 1996
 7767
 2551
 8133
 3048
 8298
 6906
 7905
 5246
 2251
 3416
 2272
 1543
 7533
  933
 9130
 4624
 6282
 4406
 6210
 7041
 4034
 7558
  511
 3853
  682
 8322
    9
 6516
 3319
 2870
 3865
 1746
 1065
 3595
 7378
 7475
   98
 2133
 7311
 1103
 8670
 3952
  577
 5545
 1550
 1597
  524
  262
 2695
 6902
 4465
  597
 8491
   83
 6341
 7093
 8063
 5120
 8118
 7077
 7029
 2782
 7702
  459
 2609
 5779
 5124
 1054
 9615
 9323
 4720
 9893
 1745
 6334
  406
  515
 9947
 9558
 4438
 6297
 4030
 5699
 8809
 5566
 5009
  507
 4127
 4122
 8115
 3835
 1699
 1796
 8037
 2878
 5254
 1085
 5395
 4744
 4013
 8743
 8527
 9156
 4434
 1197
 1876
 9554
 2476
 1234
 2035
 7913
 2250
 2546
 1871
 3454
 8990
 3838
 4543
 6726
 8699
 8876
    4
 4303
 4800
 5144
 9939
 2407
  246
 9802
 6414
 7201
 3013
 6467
 7528
 7745
 9079
 7857
 4575
 8099
 2488
 8591
 4518
 3118
 7190
 9913
 4625
 1457
 8901
 7129
 4958
 3346
 9880
 7481
 7025
 3958
 4335
 1689
 1637
 3195
 5704
  770
 1354
 3094
  222
 6991
 1144
 5725
 9010
 9998
 8629
 5180
 5559
 8268
 1089
 7313
 3543
 7220
 5004
 6018
 1182
 4696
 7848
 6188
 7759
 2464
 9580
 5910
 6413
 3583
 6626
 3799
  926
 2734
 5854
  631
 8393
  550
 7042
 3115
 8933
 5640
 4754
 8707
 6523
 3283
 5832
 1634
 4209
 7850
 7461
 3386
   78
 8502
 4630
 4898
 7106
 5021
 6236
 4818
  200
  761
  920
 3791
 4910
 9279
  964
 4197
 5973
 6687
 5448
 3935
 8258
 4092
 9326
 1599
 1891
 5965
 8066
 2740
 2026
 3744
 3712
 6772
 3567
 9398
 8294
 9190
 4821
 9892
 7064
 3173
 1045
 4076
 9440
 8086
 5276
  853
 5970
  488
 5554
 2508
 3503
  629
 6089
  158
 8345
 1579
 7424
 8542
 4730
  813
 5728
 9489
 9204
 5453
 7676
 9123
 3395
 9487
 3217
 4498
 2605
 6464
 2818
 4396
  208
 5035
 5329
 4548
 2676
 4469
 1147
 4032
 3697
 9604
 3784
 3549
 4808
 1360
  435
 4916
 4083
 1327
 7902
 8487
 1748
 9980
 3724
 6885
 8276
 1756
 7524
 5413
 8296
 5636
 1557
 8785
 1895
 1094
 5838
 3135
 6201
 2015
 3046
 9416
 2830
 3191
 4128
 9983
 5548
 6424
 7126
 5730
 6398
 6733
 3124
 7341
 2457
 4461
 7982
 6393
 3736
 9498
 5888
 2829
 3061
 7787
 8354
 9091
 4571
 4395
 6575
 6869
 5042
 1610
 7863
 7237
 5902
 2681
 4175
 9176
 6158
 8537
 1931
 5306
 7354
 5078
 8811
 8049
 5798
 8761
 6703
 3078
 3809
 2495
 8533
 8083
 4557
 4255
 5945
 8337
 8211
 5209
 3400
 5091
 6061
 4144
 8744
 2256
 9963
 6773
 4724
 8774
 7160
 5783
 4923
 2047
 6834
  443
 5522
 5499
 1667
 1127
 8745
 7199
 8832
 2429
 3988
 7737
 9287
 3726
 6028
 7540
  984
 9787
 7006
 4780
 5373
 3743
 3628
 9647
 6538
 9437
 9956
 3085
 3992
  851
 6351
 7669
 4842
 9527
 6333
 6765
 5030
 7795
 1800
 3529
 2031
 5497
 2868
 6515
 2808
 4659
 8585
 4105
 5095
 5513
 2398
 4535
 7122
 6699
 4080
 7637
 9193
 4238
 3907
 9735
 9290
  789
 7922
 1879
 4183
  238
 7733
 5094
 6502
 3324
 8191
 4982
 7462
 8962
 1564
 9848
 3533
 3040
 3449
  692
 2522
 4943
 3699
 9342
  899
 3071
 1942
 1106
 8409
 8827
 7105
 1055
  510
 2727
 3572
 3477
 9062
 8425
  566
  539
 3578
 3653
 9746
 3034
 6537
 7758
 9915
  549
 6969
 2947
 5726
 3238
 7799
 7629
 6898
 3643
 9742
 7026
 7005
 7512
 5093
 7576
 6634
 8269
  885
 5171
 1847
 6788
 8929
 5562
  520
 4679
 1930
 6919
 9509
  785
 5355
 2708
  538
  932
  670
 8558
 4984
 6815
 8218
 3646
 2966
    3
 9380
 5201
 9849
 7784
 1403
  256
 2875
 6948
 3303
   36
 7814
 7657
 4549
 8132
 6443
 6350
 5897
 2539
 2902
 7929
  400
 9178
 7179
 6331
 5817
 7229
 7845
 5793
 4188
  590
 3846
 6418
  878
 8620
 9182
 7465
 5927
 1576
 9125
 1224
 3973
 5882
  651
 7186
 7274
 1057
 1866
 6593
 7989
 5540
 4582
 1779
 9463
 3882
 2517
 2815
 6022
 1250
  916
 7596
 1023
 9832
 4636
 1821
 2009
 3559
 6123
 8368
 1219
 3230
 3763
 3333
 9469
  808
 7779
 4897
 8554
 9417
 6542
 9032
 5312
 3340
  305
  526
  579
 6964
 7846
  705
  593
 7210
 6790
  826
 2889
 6125
 2750
 7709
 7616
 8090
 7544
 1580
 2491
 2109
 7322
 1852
 9978
 7906
 6926
 4221
 4327
 4816
 9855
 8623
  605
  138
 5371
 5490
 3844
 3843
 2568
 4767
 2588
 3912
 5870
 7886
 3453
 1056
 1657
 6908
 1238
 8126
 9247
 4247
  143
 2141
 9332
  397
 9765
 1865
 5894
 3389
 4402
 3526
 2042
 1096
 3644
  345
 4980
 6395
 5666
 9115
 4231
 4052
 4282
 8942
 1083
 4220
 4426
 2361
 7276
 2651
 9708
 2723
 1537
 6825
 2144
 4310
 2221
 1469
  460
 5936
 7458
 5776
 1105
  456
  494
 7036
 1650
 9169
 2692
 2170
 4463
    2
 3528
 8458
 9161
 7828
 4159
  620
 9405
 7778
 5821
 2518
 1713
 1239
 9585
 3589
 8834
 4695
 2769
 8779
 4340
 8327
 5895
 5966
 7575
 7437
 7948
 4578
  432
 9007
 2862
 1921
 4153
 3867
 1915
 8235
 6603
 9884
 4014
 4671
  959
 5188
 7255
 7840
 2509
 2194
 9406
 2088
 3623
 5439
 5323
 9143
 9796
 2545
 3468
 4506
 8543
 8800
 8897
 9809
  151
 1401
 8054
 1390
 1951
 8307
 9058
 1139
 1167
 6240
 4623
 2330
 8841
 8512
 1516
 8476
 2724
 2148
 1598
 8716
 4884
 2941
 5982
 3554
 9622
 2411
 5768
 1844
 4131
 4684
 2158
 1385
  971
 6009
 7851
 9929
 2190
 1968
 5934
 3142
 4173
 6186
 4001
 9570
 8656
 8950
 7815
 4962
 4124
 9430
 2927
 5757
 7235
 5462
 8672
 1431
 1793
 6992
    8
  976
 9292
 1545
 5535
 9276
 6198
 2213
 1295
 1488
  372
 7895
 8045
 3557
 2758
 4261
 1386
 9305
 3639
  691
 8546
 2556
 3424
 1979
 1697
 5491
 9733
 4700
 1720
 8992
 5309
 8282
 3282
 9702
 7295
 1097
 8895
 9670
 1432
 4117
 9650
 4297
 6923
 8766
 8517
  625
 7357
 1527
 1807
 2823
 1367
 3216
  260
 1430
 1453
 8016
 3762
  795
 5040
 5806
 1132
  571
 5564
 4711
 4638
 4226
 3691
 7599
 7694
 6129
 7395
 3834
 5879
  121
 7373
 1554
 4837
 4991
 3051
 6039
 2006
 8662
 5425
 3792
 8889
 9987
   69
 6576
 7320
 8009
 8100
 5521
 1593
 8439
 3050
 9597
 7909
 7771
 5393
 6278
 8595
 8405
 1148
 5214
 3470
 2007
 4058
 5229
 6083
 3172
 6808
 3210
 2690
 5789
 6756
 7339
   55
 5706
 2005
 5087
 2219
 8420
 8299
 3361
 3163
 9678
 6164
 4611
 3688
 2066
 5359
 7080
 3067
  762
 7875
 1560
 7303
 5718
 4906
 8511
 5555
 5903
 3250
 7600
 2577
 1629
  552
 4381
 6126
 2422
 1125
 9592
 4631
 9136
 7353
 9124
 7847
 3485
 2816
 3055
 5098
 8239
 7442
 8059
 3765
 2881
 7568
 8913
 9425
 9919
 3450
 2313
 7244
 2650
 9739
 9203
 3476
  299
 7377
 5516
 2618
 5441
 1294
 9212
 4762
 4646
 2783
  618
 2747
 6074
 9889
 1509
 3240
 8982
 3065
  230
 5099
 6197
  313
  894
 3788
 5605
 1293
 6206
 1826
 8702
 2345
 7810
 4832
 3556
 7977
 5682
 5822
 1310
 9096
 3840
 3189
  153
 6279
 7206
 7052
 8945
 2209
 5383
 8478
 1718
 5975
 2922
 9108
 9530
 1388
 2234
 5764
 3747
 4602
 2898
 8072
  251
 9436
 8224
 5981
 8198
 9261
 2586
 8060
  997
 2709
 8725
 2310
 3392
 4748
 4551
 5781
   15
 3287
 7897
 4003
 5611
 8300
  330
  379
 5782
 6134
 5440
 9118
 8999
 6461
 4758
 4509
 6044
 8312
 1437
 8127
 7182
 9146
 4555
 1192
 2797
 3715
 7174
 5469
 1770
 5328
 4902
 5300
 5568
 3524
 7305
  580
 9994
 2801
 7457
 6819
  824
 8886
 4322
 3482
 1640
 6985
 6380
 1863
 3177
 1073
  854
 3179
 7636
 8976
 2820
 1980
 9974
 6295
  866
 4371
 3174
 4919
 8225
 6078
 8703
 8401
 5107
 7755
 4692
 1462
 9782
 9949
 3782
 1680
 5220
 7332
 5375
 1967
 5844
 9719
 6045
 4787
 8986
 4590
 3624
 8013
 9216
 6403
 1265
 8958
 2572
 8597
 9970
 9909
 6879
 6555
 9376
 6263
 9985
 1472
 9630
 4756
 4725
 4990
 8078
 3751
 9612
 5483
 6156
 5633
 2515
 4499
 2068
  124
 3777
 2549
 6914
 6085
  810
 9712
 2487
 1304
 5677
 2247
 3886
 1184
 1164
 3003
 8089
 9756
 3357
 7529
  656
 4328
 9883
  621
 7504
 2123
 5109
 9112
 7556
  987
 2629
 7505
 5518
 1724
 3804
 1468
 8431
 1374
 9120
  351
  290
 7053
 3456
 2512
 9829
 1530
 5637
 7816
 2859
 4789
 2159
 3254
 5933
 5835
 7961
 2993
 3168
 5464
 3120
 3463
 7319
 6208
 1048
 9959
 3689
 3571
 8863
 9088
 3740
 1546
 4504
 6822
 8524
 9353
  832
 2977
 6892
 7149
 8071
 6873
 9068
 7448
 3649
 1135
 3264
 4447
 6130
 4007
 6038
 3984
 3960
 7561
 1162
 9833
 5265
 1890
 1848
 6970
 5770
 1447
 4592
 6864
 2554
 8847
 5582
 8363
 8820
 6135
 5558
 3100
 8861
 6607
 8940
 9666
 9519
 6740
 2855
 5531
  114
 5719
 5689
 9895
 5514
 2657
 7136
 9239
 3811
 8648
 4312
 9856
  856
 2192
 1785
 9033
 5596
 2428
 6511
  863
 5126
 7842
  500
   68
 8783
 4361
 6632
 4384
 1970
  719
 4642
 1553
 6696
 8124
 4874
 6661
 5732
 1047
 2025
 1885
 2324
  140
 7968
 6308
 4815
 8748
 9210
 9304
 4995
 5052
 2937
  843
 1090
 5536
 5295
  591
 2268
 2373
 1235
 2458
 3106
 4363
 4006
 3339
 4225
 5272
 1290
 5070
 3459
 3023
 3284
 7770
 8675
 5255
 5018
 3133
 2658
 7364
 3132
 3269
 8470
 3234
 6490
 2976
 7375
 3523
 9461
 3698
 1594
 1081
 7826
 3662
 8358
 7502
 2893
 4460
 3842
 6187
  889
 4616
 3538
 2319
 2253
 1186
 8666
 2971
  951
 1216
 9266
 7007
 9162
 7306
 4196
 6146
 8336
 5333
 4315
 2075
 7920
 9282
 7808
 9452
 4830
 9423
 5148
 7984
 3772
 6362
 9227
 5631
 2449
 7328
 2357
 9369
  955
 5963
 4781
 3164
 3561
 3109
 7208
 7430
 8167
 3251
 4349
 2443
 1263
 4147
  828
 3509
 1177
 1528
 8653
 9029
 2498
 5122
 7249
 7112
 1342
 9223
 2712
 7498
 2280
 9431
 1018
  225
 9589
 6719
 1969
 6533
 2307
 6088
 8376
  797
 6606
 1621
 9486
 4300
 6025
 7607
 2934
 2757
 3318
 7807
 1691
 4174
 7061
 8770
 9753
 3797
 6747
 8489
 1243
 6638
 8266
 2665
 8646
  804
 6499
 1286
  929
 7467
 7962
 6027
 8149
 6517
 8836
 1765
 1082
 3478
 4784
 8500
 9490
 8468
  978
 5828
  694
 6365
 5809
 2686
 4035
 9492
 6832
   61
 9905
 5244
 2496
 7983
 5150
 6122
 7317
 8221
 1145
 7381
 1271
  598
 7999
  448
 1478
 3862
 5034
 2381
 2841
 7004
 7212
 8264
 1484
 5827
  919
 7224
 2375
 6265
 7821
 4740
 7086
 3070
  150
  187
 4934
 5543
 9897
  544
 1540
 4817
 2014
 4342
 8555
 3663
 1760
 6454
 2679
 7789
 7410
 8460
  395
 3404
 1744
 8714
 3353
 1559
 3881
 4559
  306
 7829
 8335
  210
 9643
 6091
  534
 7222
 8655
 8751
 1730
 2775
 8505
 6124
  765
 2034
 5185
 5202
 7908
 7713
 9540
  687
 4186
 4293
 1945
 5029
  788
 1630
 9668
 5015
 5660
 4944
 4614
 3158
  369
 9347
 1946
 4242
  779
 1427
 9230
 5871
  178
 2807
 5482
 2086
 2979
 1202
 2938
  421
 3426
 4778
 8199
 9632
 4527
 4639
 9460
 4520
 8483
  713
  948
 2205
 7195
 8946
 6001
 9838
 2511
  136
 9248
  173
  881
 5921
 4523
 5436
 2963
 4482
 8040
 2871
 2337
 2225
 4865
 8955
 8291
 6651
 5742
 1006
 1031
 4336
 9656
 2528
 9665
 4933
 1328
 1163
 9358
 7646
 8048
 1319
 9775
 5740
 6114
 2379
 7325
 2544
 3582
 1953
  348
 2622
 8151
 9920
 7446
 6688
 7790
 1233
 3750
 6209
 9375
 5949
 3972
 1726
 8660
 7837
  570
 3123
 4033
 4895
 4901
  166
 6629
  825
 2039
 9550
 6379
 7740
 2160
    1
 2610
 5493
 3498
 7147
  642
 1316
 7518
 4317
 8899
 4769
 7435
 2430
 9420
 7944
 6406
 5567
 4296
 2604
 4287
 2235
 5360
 6280
  645
 5948
 5240
 1396
 4487
 3945
 9346
  934
 7591
 1585
 7394
 6708
 5167
 9351
 2103
  336
 5315
 9236
  506
 2070
 1439
 3255
  161
 2988
 4109
 5957
 2312
 8587
 9752
 8073
 9273
 6491
 8081
 2737
 7000
 8364
  698
  355
 5159
 1406
 4157
 9299
 8131
 4121
 7931
 4400
 1415
 7675
  983
  364
 5369
 3633
 3968
 8918
  809
 5803
 5820
 2185
 9806
 3517
   35
 6199
  638
 4422
 9200
 5293
  527
 6140
 9999
 2472
  425
 2304
 2385
 9172
 5484
  447
 9071
 1846
 5674
 8856
 2293
 4462
 8123
 1448
 7598
 2900
 9675
 6052
  287
 7076
 7289
 6268
 6896
 1435
 3146
 7716
 3139
 3795
 2339
 7490
 4951
 5053
   30
 5203
 4134
 7277
  265
  896
 1818
 8704
 7352
 4709
  496
 5340
 5928
 2929
 4135
 3825
 6878
 6769
 6369
 7057
  530
 7718
 4408
 7727
 1949
 5390
 3786
 4180
  744
 5698
 2417
 3602
 9297
 3944
 4546
 9932
 6673
 6266
 4938
 9238
 4705
 3947
 8424
 2481
 2566
 9001
 6727
 9040
 4503
 1320
 5947
 6643
   77
 2839

 8930
 4241
 7034
 3861
 4677
 3022
 4398
 6975
 6148
 7806
 5127
 9732
  227
 4591
 9820
 6828
  333
 5447
 3506
 7216
 2729
 6506
 5883
 8173
 1066
 6509
  772
 6366
 3640
 2766
 8846
 5862
 1307
 5850
 7301
 8911
 2115
 3617
  757
 9533
 6534
 1829
 8501
 2821
 8577
 2081
 6008
 9367
 9716
  181
 5172
 6072
 9277
 8580
 8896
 5576
 4676
 9950
 7302
 6682
 1721
 5784
 9262
 6319
 3603
 4486
 4908
 5780
 4955
 3103
 2203
 5416
 3717
 7132
 3531
 9327
 9151
 6445
  188
 4905
 2100
 5182
 2151
 2921
  954
 3914
  945
 1118
 5466
 6335
 2046
 1501
 5488
 2838
 2425
 1956
 5237
 1150
  602
 7973
 3224
 8034
 3870
 3682
 8937
 9013
 3891
 1591
 7324
 4664
 7900
 5824
 8161
 9067
 5609
 8142
 4835
 1277
  768
 7185
 5061
 9837
 6189
 1534
 2833
 2773
 9872
 3542
  403
 7531
 8544
  180
 6003
 5931
 2949
 9233
 5959
 3212
  823
 8031
 6225
 6949
 1500
  844
 6957
 5578
 2914
 4755
 8996
 6945
 5038
 1346
 4042
 6339
 4401
 2217
 2191
 4343
 7459
 7912
 8674
 9462
 6852
 3059
 8883
 1022
 2600
 8200
 7202
 6863
 3076
 7227
 8386
 9741
 2266
 9513
 1709
 7398
 7288
 4512
 6784
 7923
 3161
 4302
 6766
 1242
 1833
 7664
 4339
 7033
 1686
 9690
 6285
 8984
 1059
 2959
 6795
 2667
 6909
 3906
  830
  867
 6284
 1099
 2673
 8713
 9724
 1438
 5219
 3525
 7419
 5334
 8610
 2857
 1558
 6850
 6956
 7780
    5
  709
 9267
 7298
 8804
  293
 3409
  897
 4761
 3362
  831
  904
 5076
  239
 5097
 3787
 2461
 3901
 3504
 7103
 1568
 4681
 2277
 6497
 5327
 9293
 3860
   92
 3214
 3830
 7280
 2880
 1506
 6359
 8356
 2146
 5749
 2331
 8565
 6938
 9975
 8214
 1325
 1402
 4224
 2484
 4678
 9591
 1072
 9886
 4915
 2552
 1379
 7287
 5625
 8536
 7891
  661
 9372
 5694
 4988
 3372
  736
 6608
 7327
 3836
 2012
 6563
  304
 5829
 9219
 8130
 4027
 8706
    6
 3902
 5298
 6049
 5786
 3074
 2145
 2126
  565
 8652
 6434
 2267
 2891
 3270
 7067
 1904
 2058
  492
 8330
 2378
 7672
 3008
 6920
 4860
 6030
 8251
 5474
 2672
 8347
  683
 8030
 1166
 9229
 6087
  728
 2279
 9050
 1098
 7871
 2195
 1214
 4764
 5703
 7107
 5135
 2989
 3770
 6718
 1443
 9803
 3032
 8210
 5403
  610
 9459
 1409
 2919
 8819
 9807
 7508
 9610
 5302
 8485
 1376
 6932
 8663
 2803
 4272
 7253
 8865
 4289
 5266
 8389
 9934
 9313
 3614
 5796
 4747
 2952
 6990
 7367
 3407
 8547
 6357
 6144
 4249
 7827
 3421
 5452
 3732
 4945
 9500
 3358
 7663
 2904
 4059
 7869
 8665
 4101
 6560
 9698
 6866
 3986
 7214
 6214
 4871
 2204
 9703
 7063
 9626
 6613
 1860
 3683
 4040
 6372
 2004
 5695
 4589
 1824
 6394
 1911
 9265
 7626
 2562
 8791
 7285
 4393
 1698
 6504
 7082
 1152
 2474
 7270
 7128
 7870
 7545
 3201
 4265
 3156
  578
 6580
 6472
 7117
 2112
 3933
 9360
 7797
 5291
 5190
 4505
 4541
 3500
 1684
 5615
 2224
 8129
 1647
  821
  917
 6520
 6720
 6178
 2342
 2715
 2755
 2322
 6155
  255
 4452
 7966
  117
 2892
 3546
 3837
 1739
 9951
 1172
 5384
 8143
 6053
 8654
 4633
 9619
 3452
 3260
 8633
 9011
 1652
 1705
 9637
 5270
 9651
 7570
 5471
 7738
 3516
 3569
 3719
  442
 5495
 2032
 9026
 7234
 2069
 3758
 3676
 9648
 4137
 9847
 1851
 7363
 8773
  228
 1035
 4154
 2388
 7146
 5653
 5242
  528
 4920
 8068
 9422
 5152
 2416
 6329
 1318
  281
 5408
 2784
 9404
 7284
 7747
 7830
 1832
 2257
 7563
 5113
 4478
 8784
 9361
 7336
 7604
 3507
 4824
 7166
  872
 4165
 1141
  662
  263
 4096
 5955
 7621
 4130
 7326
 5505
  458
 7121
 1908
 5068
 4073
 5156
 8185
 1843
 3810
 2092
 5181
 5638
 4111
 3010
 1700
 4338
 5739
 1101
 3654
 2369
 8270
 7822
 7413
 5000
 4989
 9751
 7388
 8564
 1088
 7823
  931
 3841
 8446
 9578
 4378
 2843
 1124
 5717
 3499
 6764
 1642
  108
 6492
 1704
 1345
 3326
 5016
 7468
 6907
 6478
 3497
 8160
 4697
 7711
 5480
 5026
  548
 3474
 3108
 1000
 7751
 4079
 3936
 5387
 4279
 5681
 1025
 5950
 4161
 7455
 2684
 5351
 7272
   47
 9479
  973
 4827
 9781
 7119
 4070
 2760
 6962
 5517
 6842
 9948
 1535
 4776
 2911
  454
 7937
  269
 3035
  817
  913
  139
 9377
  235
 5901
 7998
 4163
 5861
 2987
 8187
 1736
 7627
 5839
 4437
 8477
 8448
 2617
 8729
 2139
 1859
 6416
 4207
 5675
  118
 2440
  819
 2241
 8781
  820
 5324
 8885
 6213
 2177
 4129
 8391
 7844
 9158
 4686
  592
 8852
 4088
  168
 2029
 1531
 6839
 4210
 8671
 2792
 4516
 8092
   13
 9620
 8932
 3102
 7704
 3714
 3700
 1032
 2095
  998
  420
 8135
 1113
 4064
 8905
  464
 4967
 4680
 9982
 2716
 7620
  890
 3180
  991
 7776
  127
 6127
  877
 1130
 3004
 5842
 2478
  185
 8219
 1897
  382
 8627
 2278
 8369
 5232
 9429
 4966
 8260
 4114
 2228
 8618
 9854
 2513
 9866
 5858
 7197
 6716
 5877
 4706
 7754
 5442
 9640
 7314
 2819
 4140
 2028
 2635
 9546
 6191
 2229
 5587
 1411
 8359
 3237
 2489
 5867
 4607
 5918
 8797
 5133
 2210
 8822
 7414
  424
 9786
 7178
 2105
 8700
 2907
 9341
 3701
 9316
 7749
 5460
  787
 8721
 2465
 4848
 6456
 8728
 9609
 9512
 7205
 4330
 5758
 7940
 6040
 2719
 3608
 4103
 2479
 5886
 3521
 6831
 6657
 5257
  469
 9827
 1291
 8697
 2285
 7724
 1043
 9688
 3621
 6019
 3466
 2591
 5585
 2994
 9663
 3883
 4687
  111
 4407
 6450
 3114
 4004
 9288
 5643
 7610
 7254
 1849
 7273
 8806
 4637
 3900
 9095
 9685
 4577
 3364
 3627
 7501
 1258
 2677
 2680
 6736
  572
 9413
 3388
 7236
 6223
 9938
 5961
 4414
 3818
 1805
 7171
 7494
 3605
 7040
 5191
 8574
 9779
 3360
 3352
 7689
 9109
 5444
 2350
 5313
 4410
 2252
 4550
 8742
 9449
 6060
  104
 8589
 9981
 6743
  144
 4975
 1213
 9355
 1398
 6689
 6656
  731
 6841
 3610
 7691
 1752
  257
 8681
 4017
 3277
 4937
 5392
  457
 8529
 2010
 2849
 7958
 1477
 5777
 4069
 9368
 1188
 6677
 6062
 4983
 1496
 1353
 1992
 7084
 4177
 6553
 5575
 1627
 5951
 3028
 8434
 1038
  175
 1108
 3625
 3304
 9418
  869
 1694
 4191
 5489
 3302
 6705
 3598
 5937
 1460
 2804
 3737
 8644
 4345
 1181
 6565
 5977
 1362
 1638
 3121
 2714
 3406
 2274
 3376
 1041
 6619
 6541
 6437
 1912
 6744
 6352
 6222
 6812
 3005
 4728
 3116
 8197
 2957
 1463
 9295
 1046
 6739
 7001
 2752
 5086
 9993
 4899
 6055
 2333
 2791
  338
 7843
 4198
 9129
 9614
 8917
  906
 6774
 8231
 9435
 2796
 6459
 3446
 5223
 8262
 8944
 4597
 6698
 5651
   49
  413
 7569
 1939
 7813
 3874
 3383
 7630
 5940
 4086
 9174
 8023
 6128
 3012
 9766
 2503
 4587
 8733
 4838
 4733
 2143
 3613
 8931
 5604
 7447
 4116
 6202
  958
 1322
 8256
 9046
 9333
 9506
 7534
 7173
 4501
 2138
 1394
 9853
 4856
 3985
 3570
 7095
 1892
 5332
 1815
 8687
 7096
  710
 9294
 9335
 2768
 7071
 4087
 2537
 8966
 4586
 3690
 9989
 5603
 3607
 7491
 4151
 6433
  688
 8810
 4619
 9188
 2694
 8689
 4353
 4858
 7439
 1914
 7109
 5153
 8375
 2827
 5116
 2002
 9631
  216
  664
 7662
 4947
 5357
 3365
 9634
 4964
 8641
 9542
 2597
  860
 9317
 2916
 7617
 1279
 1588
 1348
 9937
 2393
 5241
 7588
 9674
 4750
 8047
 2321
 5268
 2710
 4239
 5672
 5404
 6118
 1555
  474
 8934
  417
 3612
 5608
 4584
 9899
 8004
 8562
 1377
 7543
  123
 6353
 6701
 9154
 1973
 6574
 9707
 9114
 5885
 2078
 4739
 8406
 6248
 7678
 2410
 3317
 9891
 5261
 7018
 8626
 7571
  231
 1314
 6951
 3989
 5432
 3299
 6171
  583
 8975
 1140
 1100
 3911
 9134
 2787
 1605
 9767
 7169
 2561
 3213
 9048
 8137
 8204
 3228
 3405
 5714
 5906
 5287
 8777
 4703
 3137
 1898
 9121
 7452
 2501
 2174
 9906
 7853
 1556
 6200
 8400
 6763
  405
 7240
 9514
 7434
 1771
  990
 5358
 4068
 1013
 2130
 3410
 9568
 4440
 3105
 9686
 3090
 3558
 2377
 1950
 8765
 4641
 1551
 1364
 5510
 1479
 2074
 7127
 4699
 1783
 7243
 2206
 7356
 9131
 3036
 2469
 7499
 9574
 7069
 1794
 6142
 7297
 2096
 1267
 9992
 2392
 5080
   52
 3331
 1195
  735
 2482
 3693
 7506
 4976
 6973
 5230
 7047
 9386
 2400
 7655
 9090
 9458
 8457
 1622
 2967
 5352
 6037
   23
 7426
  696
 8997
 5236
 1133
 9246
 7118
 5168
 9199
 5912
 4418
 6618
 5158
 6564
  756
 9155
 7102
 9952
 7722
 9345
 4256
 9086
 5196
 1476
 3626
 1612
  891
 6190
   37
  985
 6422
 2473
 1755
 2704
 2669
 9070
 6068
 8308
 8815
 6725
 2558
 8147
 3593
  576
 3278
 3437
 8184
 7292
 6846
 6417
 6169
 7921
  650
 1862
 8497
 9471
 1359
  440
 7690
 6373
  940
 7986
 2154
 6243
 3296
 5785
 1344
 7318
 7035
 4735
 7868
 3265
 2559
 3162
 2346
 6477
  360
 5972
 4049
 9454
 2239
 2326
 6378
 2940
 7700
 7993
 8523
 9749
 1444
 6374
 2030
 1157
 1232
 5772
 4561
 2453
 3611
 3929
 3707
 9336
 8789
 8600
 4612
  558
  282
 5735
 4734
 5849
 9644
 9613
 8410
 5676
 4229
 1256
 7559
 6750
 4716
 2165
 1830
 3519
 8310
 5909
 3687
 9052
 5978
 4213
 8283
 6667
 5019
 8168
 3668
 8559
 2255
 5221
 6249
 3194
 6694
 4570
 7964
 1619
 5022
  950
 2212
  359
 6435
   39
  554
 3408
  244
 4868
 2156
  975
 7358
 1445
 7910
 7510
  521
 7192
 1613
 6690
 8560
 9231
 3413
 2223
 5917
 9940
 4729
 3484
 2094
 5173
  574
 9153
 7449
 6609
 4385
 9958
 7979
  752
 3375
 2909
 2555
 6978
 3686
 8223
 6807
 2598
 6318
 1626
 4854
 2431
  981
 3483
 6976
 2761
 7647
 1119
 4656
 7016
 1225
 8717
 5331
  892
 4045
 1392
   90
 7586
 8851
 8839
 7130
 9250
 2124
 1750
 5212
 3764
 5114
 3857
 8114
 5494
 8374
 7188
 9638
 3321
 3510
 1841
 5141
 8824
 6159
 5003
   12
 4644
 4164
 8274
 5737
 5486
 5409
 8290
 1935
 2582
 9497
 3675
 3729
 9264
 7148
 1669
 2970
 3631
  223
 4084
 7548
 2765
 1663
 1584
 9311
 7247
 6229
 6776
 9655
 2689
 3742
 2519
 4799
 4925
 7370
 6385
  484
 3320
 2301
 8006
 7786
 4012
 3785
 9748
 2071
 6987
  624
  156
 7550
 9444
 8682
 2290
 8096
 8469
 3778
 8398
 3475
 8790
 3948
 3279
 8941
 6218
 3292
 6854
 5654
  394
 7635
 5195
 6519
 6624
 4595
 9383
 9401
 9089
 3486
 9432
 2111
 4425
 8340
 8722
 9400
 8609
 4949
 6429
 8226
 8493
 1154
 3850
 2114
 9235
 8170
 7832
  783
 3831
 3659
 1607
 1688
 8843
 8531
 5199
  968
 3803
 1773
 9825
 1069
 1706
 6313
 5414
 2521
  999
 4284
  120
 5279
 2238
  100
 2305
 7809
 5138
 2786
 9502
 9286
 5472
 6946
 5607
 2098
 8159
 9379
 4500
  163
  125
   21
 4540
 8249
 8602
 3323
 5848
 9607
 4928
 5260
 8445
 6216
 4708
 2763
  277
 9483
 1200
 8449
 1040
 8857
 8046
 2183
 2444
 1563
 1943
 8912
 8382
 4532
 6887
  130
 4193
 1109
 5405
 6328
 8271
  249
 1944
 6963
  581
 4347
 7002
 3820
 7382
 8606
 6770
 1160
 4650
 6133
 7520
 1877
 1777
 6895
 5632
 8612
 7088
 7547
 4332
 3893
  352
 8842
  912
 7867
 6660
 1561
 2051
 9150
 6514
 6544
 9541
 8825
  729
 5969
 3288
 4350
 7062
 6936
 6463
 2438
 8952
 4444
 2244
 5878
 1410
 8494
 2954
 4712
 6042
 5081
 9692
  463
 1838
 3669
 5893
 9627
 8677
 1350
 5523
  450
 3994
 6010
 5066
  773
 9133
 9132
   44
 6965
 3112
 4521
 9024
 8590
 7059
 7293
 8613
 8421
 6325
 8750
 4796
 2924
 5273
  398
  497
 1220
 7889
  704
 1466
 7615
 7712
 8381
 2108
 5247
 9805
 7396
 2254
  678
 5722
 2193
 8474
 3656
 6452
 8582
 5456
 7432
  555
 6119
 6931
 7051
 4782
  732
 5417
 2303
 6230
 3126
 9504
 4961
 1487
 8628
 6971
  925
 3222
 8532
 4320
 6968
 4141
 7376
 5524
 8107
 7670
 9896
 7012
 6814
 5563
 8069
 3047
  712
 6984
  967
 3915
 6410
 3285
 3550
 9852
 4753
  790
 2717
 3308
 7019
  551
 9936
  726
  543
  760
 6525
 4913
 9419
 8615
 7928
  718
 4942
 3730
  503
 4683
 7743
 2885
 2950
 1420
 6578
 4533
 1648
 7613
 1050
 8607
 6737
 9397
 8752
 5397
 1937
 9106
 4627
 8753
 3167
 2486
 5709
 1425
 6811
 6109
 4812
 7114
 7609
 5688
 9691
 8285
 9259
 6662
 6181
 9448
 4917
 3419
  142
 1189
 8280
 7833
 4783
 4785
 5454
 8350
 6549
 6890
   19
 7611
 6862
 3658
 6415
 5731
 6996
 4563
 9078
 1078
 7648
 2164
 3970
 5696
 2824
 6020
 1470
 6826
 2743
 6762
 6470
 1068
 7226
 4828
 2795
 4089
 5288
 1884
 6955
 8320
 2232
  707
 1508
 7532
 2585
 3020
 4133
 5864
 1725
  815
 3363
 8091
 2237
 5537
 5600
 5267
 2960
 7362
 3868
 5593
 9815
 4795
 8074
  392
 6977
 8423
 7444
 5041
 7764
 1146
 3056
 5345
   59
 7595
 5865
 1869
 6573
 2798
 8909
 7097
 4346
 9582
 3983
 5296
 8900
 4628
 4663
 3889
 7143
 1522
 2607
 2056
 8775
 5101
  858
 3548
 1355
 4387
 6419
 6439
 9964
 8238
 5043
 3390
 2405
 2524
 9528
 6370
 4421
 8035
 9014
 4423
 5606
 1228
 5738
 2928
 2499
 5823
 2659
 5245
 5856
 5852
 9000
  490
 1264
 5999
 2718
 9455
 7098
 7522
 3385
  445
 8043
 7450
 4187
 2129
 2137
 8740
 5997
 4986
 4459
  381
 2424
 5500
 3957
 3149
 7890
 8275
 4243
 2328
 5037
 3434
 4643
 2323
 8772
 4019
 3077
  272
 7914
 6355
 1757
 9100
 5145
 4412
 2372
 2483
 5320
 2008
 6994
 1894
  901
 2736
 4531
 7150
 3461
 1781
 1768
 3489
 1426
 9602
 9017
 1249
 3111
 9063
  107
 1803
 2899
 6942
 1714
 2705
 1198
 5754
 2036
 8545
 1026
  390
 4156
 4579
 3384
  771
 5285
 1498
 9783
 7241
 9639
 4166
  318
 1218
  623
 5797
 3249
 9350
 3382
 5946
 5100
 3021
 9586
 8754
 9450
 3863
 1790
 1513
 9464
 9152
 5106
 4352
 6471
 1272
 3246
 4618
 2590
 6870
 5176
 4008
 3368
 3436
 3630
 3990
 6986
 2863
 9747
 7023
 3281
 4307
 8480
 1483
 9564
 1901
 6314
 2687
 5451
 2982
  221
 6706
 4690
 9526
 4021
 3539
 3816
 4056
 7011
 7037
 1804
 4169
 2812
 4496
  782
 1480
 2171
 7162
 6217
 3666
 6664
 4235
 5235
 8891
 8695
 2983
 4857
 1329
 5427
  596
 4467
 4324
 3579
  532
 8392
 9104
 4530
 8588
 5565
 9725
 6301
 6845
 2700
 3017
 9988
 6312
 4399
 6652
 9737
 5840
 9505
 9871
 1872
 5944
 3316
 6761
 8659
 9700
  402
 6983
 7838
 9865
 5761
 6426
 7400
 3705
 3443
  344
 7904
 9310
 2810
 2814
 8867
 5155
 1087
 6735
 5650
  649
  288
 8619
 8798
 2214
 1732
 9681
 8136
 7938
 7415
 9907
 1774
  965
 7390
 6391
  675
 2055
  363
 5601
  801
 7389
 9996
 7207
   48
 9181
  613
 9424
 4845
 3735
 4495
 9240
 5610
 6666
 5353
 3599
 7791
 7687
 6805
 9446
 6843
 8165
 2720
 3176
 5461
 7516
 2813
 1549
 9544
 3950
 8061
 6488
 5088
 6679
 5325
 3802
 8365
 6528
 4299
 5630
 7393
 8332
  711
  410
 7294
  391
 5550
 4572
 4682
 5668
  822
 5661
 6483
 3125
 4355
 9642
 9300
 5767
 6336
 6349
 3027
  671
 2603
 3774
 9384
 1334
 9003
 9111
 7874
 2939
 6006
 2620
 1001
 4351
 9877
 6172
 5985
 9057
 4472
 9348
 4941
 9215
 2864
 4365
 5170
 4380
 5639
 3760
 7194
 5658
 4344
 6036
 5057
 9816
 5163
 1729
   42
 4473
 5050
 3159
 1017
 1358
 5586
 8594
 9084
 8866
 5465
 8683
 8795
 4999
 5301
 9710
 3367
 6695
 1754
 6151
 4442
 4634
 1672
 1654
  375
 9553
 7263
  128
 6057
 3775
  320
 7478
 1526
 6299
 1792
 5064
 4118
 9426
  220
 8632
 7125
 2526
 1199
 1581
 6446
 9687
 7056
 3379
 9170
 9443
 2906
 4620
 8925
 1302
 4325
 9761
 6731
 7953
 8814
 7590
 9177
 9308
 2083
 3670
 6508
 5183
 3946
 4100
 4431
 6669
 3798
 9340
 4383
 7172
 8085
 9770
 9338
 8625
 3794
 4831
 9445
 2384
  722
 8117
 4893
 2119
 9206
 1134
 5807
 3183
 9175
 4057
 2218
 3198
 9065
 2571
 2386
  681
 5868
 2943
 2140
 6145
  553
 7645
 8741
 9218
 1547
 6449
 6548
 3584
 7196
10000
 3330
  232
 4176
 5656
 4453
  697
 8926
 3309
 2227
 3430
 3089
  376
 7667
 4819
 4427
 4768
 4475
  684
 4840
 5512
 2011
 5487
 2439
 8920
 9714
  334
 8605
 4987
 4357
 6401
 9269
 2470
 1711
  325
 6131
 5010
 3921
 9395
 7619
 8849
 5477
 1299
 2128
  315
 9968
 5412
 5434
 2852
 3236
 2799
 5394
 4490
 1156
 4139
   97
 4016
 7719
 8097
 9249
 1281
 8757
 9760
 8561
 5368
 6709
 6160
 9163
 5889
 6929
 9596
 8205
 3665
 9075
 2320
 7653
 9916
 9179
 2918
  195
 6934
 1786
 1289
 1808
 4374
 5385
  498
 5187
 9330
 5044
 1592
  995
 3767
 2413
 3297
 2270
 5880
 6804
  993
 6277
 6865
 7108
 5935
 3817
  274
 3154
 8250
 3495
 4136
   46
  184
 7927
 3680
 7211
 3140
 8927
 8965
 4839
 8812
 2454
 6105
 2532
 2751
  387
 3746
  805
 5210
 1649
 6441
 4278
  174
 9721
 8311
 1458
 4075
 3540
 9771
 7453
 7602
 7221
 5161
 4973
 8257
 9385
 2451
 3977
 9359
 3403
 4228
  517
 4038
 2592
 9222
 1330
 7872
 6729
 8056
 3221
 6972
 8319
  994
 8730
 9562
  873
 2329
 5818
 3551
 9531
 9628
 6099
 6327
 1582
 6592
 2409
 3178
 1309
 6453
 9954
 3547
 3402
 2731
 5117
  495
 7566
 4195
 4066
 6767
 3231
  776
 9878
 2437
 7282
 5104
  850
 5376
 3856
 6014
 1502
 4882
 5778
 4946
 6904
 8484
 3641
 1053
 9414
 3338
 5084
 4219
 2611
 1853
 1051
 4786
 8566
 8983
 2691
 4807
 6382
 7252
 4468
  264
 5671
 2992
 1413
  365
 1260
 3505
 4050
 8289
 8816
  727
 3280
  438
 5968
 9472
 4805
 7514
  693
 5125
 8906
 1027
  588
 7583
 8377
 4802
 4585
  366
 7440
 3305
 4811
 7577
 6192
 7688
 6321
 6611
 7355
 9388
 9189
 4621
 4155
 5143
   22
 1076
 3393
 7612
 7601
 9669
  927
 2516
  957
 7443
 2777
 3199
 8134
 5346
  347
 1628
 4048
 8915
 2265
 4887
  905
 6252
 6779
 1600
 1375
 7144
 3520
 5112
 6830
 2182
 6633
 8668
 9720
 1067
 8538
 3594
 1572
 4158
 7852
 6347
 1227
 2016
 7652
 5734
 1875
 2184
 2888
 4668
 3723
 1525
 8193
 9757
 1280
 8179
 5492
 7924
 6707
 4804
 1084
 2072
 4714
 8241
 9006
 4211
 3966
 3537
 9560
 3999
 2596
 1317
 2647
 3275
 3122
 8881
 5311
 3951
 9411
 7131
 7021
 4143
 9278
 2023
 9828
 8887
 1039
 9727
 5869
 7674
 1837
 2767
 1941
 5619
 3741
 8747
  467
 5595
 5642
 6637
 9594
 9927
 3651
 9244
 3878
 8459
 7156
 6697
 6176
 9967
 7798
 1201
 7058
 4120
 4304
   62
 5366
 9213
  942
 9343
 7942
 3068
 7736
 2436
 5374
 7497
 5617
 2230
 6221
 6913
  294
  373
 7484
 8711
 7223
  513
 8910
  763
 2930
 8631
 9268
 2125
 1159
 2980
 4009
 6797
 7466
 6910
 1312
 9778
 5881
 2314
 4648
 6646
 5647
  171
 5136
   71
 2127
 9291
 6730
 8998
 6959
 8174
 2079
 7259
  952
 4366
 7031
  215
  300
 7560
 7951
 4583
 8229
 1692
 9082
  502
 8640
 2772
 8140
 8154
 1817
 1007
 3711
 8840
 7739
 5096
 7379
 6397
 9186
 5766
 3674
 1196
 8244
 6107
   41
 7262
 1122
 1194
 8608
 6183
 9468
 1966
 4025
 3864
 6322
 7231
 8762
  499
 1764
 5238
  898
 5277
 7707
 2543
 7949
 7474
 3922
 6598
 2366
 5539
 3345
 4853
 4283
 7970
 7703
 1798
  284
 7154
 4749
 1541
 2608
 7565
  677
 1003
 6827
 8698
 1651
 8070
 6982
 5863
 1874
   82
 2050
 2054
 4281
 1708
 6430
  493
 9020
 7820
 8904
 1518
 9754
 4691
 3097
  879
 9298
  791
 7768
 6405
 8417
  900
 2781
 9481
 5581
 2615
 1934
 9208
 2276
 9059
  870
 3536
 9356
 2376
 1676
 5289
 3991
 9536
 7138
 7965
 9552
 9973
 4912
 5020
 6783
 5002
 1910
 6363
 8216
 6054
 8110
 3491
 8442
 9518
 4556
 9074
 7189
  509
 5814
 4172
 9254
  652
 7762
 9862
 1486
 1104
 9598
 8980
 3592
 3348
 5075
 4654
 9281
 3150
 7581
 7536
 5147
 6046
 8884
 9027
 1828
 6787
 1632
 7785
 3447
 8122
  568
 9147
 3188
 9521
 8575
 7623
 7463
 3458
 7048
 8295
 8450
  600
 7451
 7345
 6628
 7995
 6543
 6250
 9723
 7693
 7407
 4892
 7359
 4693
 4237
  340
 8989
 6195
 3394
 2874
  589
 8553
 1524
 4939
 6916
 4694
 6220
 4429
  887
  226
 5753
  633
 8084
 4806
 3545
 5759
 7431
 4833
 3904
 7864
 7265
   45
 8422
 3710
 4598
 4653
 5225
 5227
 3487
 7552
 2636
 4554
 8362
 2774
 1854
 1063
 1856
 9049
 7665
 6117
 7043
 6093
 6256
 5083
 6041
 9344
  308
 4405
 5700
 5326
   10
  489
 7855
 1060
 1514
  829
 6684
 6237
 6073
 9113
 1021
 4263
 9863
 3261
 2134
 3328
 9409
 2370
 4119
 7644
 5056
 8936
  522
 3088
 5007
 7470
 2578
 9738
 8247
 9776
 9128
 8025
 9157
  242
  690
 1940
 5290
 3681
 8686
 6481
 5670
 9845
 2107
 8125
 7760
 9565
 6346
 2753
 1723
 3895
 5059
 5964
 6272
  279
 5457
 7343
  278
  101
 1867
 6338
 2640
 5119
 4262
 9576
 8961
 2926
 9207
 1395
 8756
 9731
  328
 8635
 5280
 5498
 3342
 4603
 4382
 7880
 5887
 4217
 6332
 9144
 1169
 6941
 8188
  915
 7632
 1210
 4223
 3252
 9069
 1044
  855
 4415
 2602
 5708
 1380
 9320
  525
 4862
 1985
 7193
 8593
 9515
 6877
 5411
 2809
 5058
 8156
  307
 9834
 8414
  109
 4736
 6177
 5303
 4448
  465
  723
  487
  453
 7525
  930
 8334
 8138
 1552
 7879
 2978
 2116
 2460
 1512
 8903
 1916
 8973
 7705
 5349
 2867
 3696
 9045
 6316
 2901
 7329
 4326
 3347
 2299
 3069
 6475
  587
 5361
 8195
 9117
 6115
 1116
 8429
 3953
 9918
 3899
 9127
 9603
 9107
  784
 9623
   24
 6340
 9507
 5045
 1840
 8232
 8576
 4446
 1905
 3619
 5108
 4170
 8395
 9581
 3257
 4844
 3638
  189
 9191
 3636
 2514
 3932
 2850
  388
 1208
 2506
 3822
 8736
 5790
 1655
 3349
 3098
 3632
 4558
 5463
 1308
 2348
 9649
  616
 2216
 9148
 4610
 5049
 8150
 9636
 2020
 5033
  362
 6798
  253
 3185
 4907
 9520
 6671
  753
 8724
 9984
 5760
  105
 5684
 8104
 3779
 5594
  667
 7471
 3601
 3337
  439
 8438
 3852
 3398
 1523
 2466
 6227
 6016
   60
 8236
  219
 1391
 8181
 2842
 5612
 7728
 9525
 5916
 4376
 8516
 6233
 3650
 5028
 6599
 1492
 8968
 4309
 8526
 5207
 4814
 8657
 6474
 6356
 1643
  807
 4732
 5860
 9556
  666
 8346
  473
 2289
 8452
 5634
 2728
 1961
 9868
 8411
 3041
 4162
 5001
  607
  466
 8245
 7441
 2748
 1888
 1681
 8596
 3170
 8379
 1499
 7640
 6323
 8578
 4658
 7679
 6871
 6257
 3019
 1349
  329
 5046
 7564
  427
 4526
 4813
 9256
 9198
 6431
 4145
 4861
 7476
 6324
 1356
 7878
 1129
 6881
 7158
 5111
 7113
 2794
 9860
 1422
 2744
 6635
 6071
 1641
  668
 2334
 7976
 3423
 7954
 9876
 1142
 7801
 1491
 7268
 7489
  477
 2581
 9243
 2297
 3322
 6558
  725
 6254
 5024
  814
 1015
 1749
 1449
 7959
 1266
 8182
 7877
 7836
 5330
 4023
 5896
 9814
 8948
  401
 9821
 4885
 1938
 6154
 2341
 1659
 8764
 7024
 4392
 1429
 7671
 7145
 4071
 1326
 8572
  537
 6348
 9511
 6572
 5815
 1797
 4450
 4474
  614
 7792
 5251
 3336
  112
 2264
 6215
 4185
 3045
 6023
  298
 7812
 2614
 6848
 4318
 3568
 6031
 5485
 8088
   65
 9547
 4362
 9025
 8685
 9922
 1231
 6732
 4160
 2793
 7641
 5476
 4900
 5396
   96
 6552
 3892
 4918
 7656
 1825
 5275
 7315
 3433
 7766
 3325
 8860
 5105
  665
 9387
 8586
 2485
 6874
 2594
 4476
  595
  436
 2866
 1679
 3145
 2084

 2414
 7135
 6676
 1036
 7963
 2161
 9275
  989
 2180
 1778
 6307
 7572
 4829
 1190
 1340
 4959
  617
  557
 8939
 4721
 1077
 9349
 2883
 7495
 8351
 6274
 5506
 8344
 6011
 8676
 2187
 7994
 6583
 8835
 8353
 7403
  241
  974
 1269
 9941
 4514
 6899
 1482
 8807
 4206
  412
 5836
  273
  240
 4323
 5179
 2707
 9412
 1601
 9711
  177
 6427
 9729
 9364
 7170
 6981
 6139
 3801
 9105
 8077
   72
 5620
 5884
 3832
 1606
 5800
 4935
 3553
 8963
 1191
 5382
 7720
 5826
 2368
 6880
 5426
 7165
 8760
 6522
 6554
 2059
 1255
 2362
 4930
 2654
 1323
 1767
 3229
  135
  903
 8956
 7554
 7203
 6108
  836
 4022
 5629
 5139
 1016
 3182
 4963
  749
 8075
 3919
  611
 5744
 8183
 9912
 9488
 7633
  483
  751
 2003
 3083
 2520
 2663
  426
 5205
 5960
 7697
 4449
 5984
 4085
 5410
 5174
 5645
 2806
 8481
 6940
 4470
 8014
 6692
  165
 2527
 8237
 4494
 4977
 2176
 8853
 8255
 9012
 1858
 7551
 1165
 1819
 6792
  775
 2022
 4288
 2510
 8679
 4250
 3609
 8658
 6024
 8277
 1712
 7372
  960
 7133
 3442
 2427
 2802
 5847
 8978
 5364
 3110
 8413
 4965
 3155
 1176
 7014
  276
 8782
 7717
 3949
 5269
 8872
 5151
 4305
 1520
 7503
 4568
 5011
 2131
  724
 2291
 8228
  444
 4094
 1913
 3006
 5551
 3064
 6194
 4574
 1882
 8837
 4126
 7991
 8305
 5690
 5014
 7433
 3465
  258
 2167
 5598
 5322
  653
 8892
 2374
 9908
  147
 6235
 1813
 7650
 1831
 9066
 5743
 9942
 3294
 5318
 2475
 4113
 7464
 4552
 3532
  295
  849
 4306
 5843
 2166
 7089
 6512
  563
 6837
 4822
 3262
 6275
 7587
 5023
 3806
 8293
 7638
 7631
 9164
 8360
 7661
 3823
 8443
 4149
  778
 9480
 8105
 1373
 6442
 4846
 6113
 7500
  102
 8217
 3826
 4039
 5986
 5687
 3332
 2073
  186
 9447
 7278
 8209
 8492
  717
 3586
 8738
 5707
 1727
 5589
 9911
 2403
 9625
 2951
 9618
 6150
 4978
 4674
 8281
  846
 3248
 2062
 9641
 1211
 3851
 3527
 2882
 4960
 9965
 9532
 1407
 8396
 3370
 3695
 9028
 3694
 2565
 8916
 1423
 1333
  686
 1332
 4295
 7866
 6098
 1251
 1412
 5900
 8495
 8323
 9875
 7642
 6287
 7896
 5192
 4608
 9718
 4451
 7351
 8746
 7681
 5943
  110
 8338
 3955
 8162
 9794
  786
 2655
 2789
 1404
 5546
  418
 5048
 7710
  963
 1075
 9715
  608
 6182
 3165
 7163
 8321
 8373
 9185
 4403
 6605
 2271
 7805
 1241
 6251
 6345
 2446
 1675
 9466
 2298
 6617
 2262
 6535
 6136
 3462
  236
  115
 6570
 3756
 7321
  599
 5805
 7967
  172
 4208
 6927
 6715
 2121
 4271
 8914
 2593
 6596
 7488
 8176
 7752
 5929
 7831
 9914
 4689
 5622
 8971
 2450
 8705
 8813
 4292
 4985
 1653
 6918
 6002
 7541
 7817
 9571
 6751
 5526
 8821
  416
 5164
 9971
 9888
 6409
 8792
 2387
 9255
 7802
 9616
 4337
  886
  628
 3031
 4545
 7781
 7213
 1782
 2913
 5691
 9867
 8007
  949
  327
 3037
 7882
 5962
    7
 1497
 8113
 8776
 8272
  451
 2349
 6228
 1719
 5193
 6947
 8540
 4773
 9097
 2102
 8408
 3184
 3058
  907
 8213
 3591
 3971
 9901
 4600
 1918
 8027
 7308
 4240
 7425
 3272
 9456
  922
 8087
 1215
 6755
 6551
 6742
 9270
 7371
 2120
 2147
 5470
 9539
  754
  203
 4055
 7050
 9745
 8801
 7782
 2948
 1823
 2535
 3130
  468
 8935
 4204
 3253
  514
 2861
 3464
 2420
 3731
 4896
 3427
 3469
 8329
 5923
 9836
 6989
 9926
 5538
 3573
 5263
 6058
 8243
 5846
  516
 1240
  542
 1450
 2961
 8833
 8180
  839
 9817
   25
 1092
 6800
 5898
  669
 4666
 8120
 3604
 3063
 6173
 5175
 3596
 3104
 3939
 6818
 7401
 9214
 3757
 2964
 8201
 3351
   43
 9274
 1761
 5226
 7883
 2189
 9768
 8463
 3560
 8767
 3467
 2041
 7987
 7589
 6858
 6681
 9470
 5069
 5297
 2634
 9881
 2259
 6404
 9485
 3087
 3620
 1646
 5911
 1566
 3995
 1645
 4851
 8297
 2738
 6849
 1747
 3702
 1221
  834
 9885
 4286
 3016
 5571
 8444
 1787
 4903
 8042
  992
 8611
 9579
 2671
   80
 8192
 3480
 8430
 7250
 9728
 8828
 4998
 3295
 1960
 1976
 2999
 5837
 9774
 9566
 5983
 1091
 9808
 3996
 5702
 7383
 1618
 9030
 1209
 3196
  154
 1246
 6376
 8850
 4622
 7246
 9933
  720
 4675
 2574
 3263
 6097
 1857
 2455
 8838
 2327
  433
 9831
 1207
 6615
 5378
 3425
 7307
 9590
 6777
 6893
 1999
   87
 1986
  847
 7159
 6493
 3581
 5420
  977
  229
  630
 9740
 2542
 3845
 4717
 3849
 5534
 3876
 9180
 3448
  455
 4657
 8579
 8907
 7066
 3286
 1609
 6080
   11
 6518
 5304
 8407
 9047
 2463
 5853
 8378
 4115
 5614
 4869
 7090
 5705
 4539
 6343
 8361
 6253
 6211
 8638
 5379
 2936
 6997
 4926
  380
 2408
  370
 6704
 6610
 3377
 8302
  758
 8567
 6810
 6568
 2282
 7996
 1636
 8186
 7677
 4319
 3422
 6469
 7584
 4020
 6775
 9496
 2173
  842
 9457
 7022
 5519
 8778
 9696
 1728
 2897
 8829
 6482
 8196
 7580
 7660
 3771
 5659
 6844
  701
 9573
 7926
 4269
  358
 2925
 6244
 2057
 7978
 1237
 4266
 4215
 7750
 5724
 3597
 1947
 4290
 4091
 3049
 5218
 6717
 9944
 9744
  350
 4810
 2890
 8385
 9763
 9713
 4150
 6999
 1569
 2309
 6749
 4267
 3887
 6082
 2817
  986
 8464
 9861
 6659
 3872
 7606
 8515
 2153
 2749
 3291
 4377
 2155
 7111
 4492
 2587
 4609
 9428
 3781
 7283
 9671
 2181
 3381
  946
 9475
 5467
 4390
 6317
 9018
 9943
 6290
 6950
 9680
 9750
 1735
 6536
 7177
 5875
 5118
 1343
 7934
 2569
 5769
 6084
 9709
 7666
 8390
 7085
   57
 8433
 3129
 9303
 3667
 8106
  335
 6226
 2872
 3488
 5468
 9780
 7972
 1434
 6294
 3706
  339
 2152
 3327
 5459
  301
 2835
 3854
 6383
 7945
 9329
 5669
 6796
 8021
 7039
  512
 4742
 4125
 3909
 2269
 8496
  627
 1324
  356
 5282
  622
 4765
 4576
  908
 6035
 2621
 1030
 5755
 9791
 5055
 2944
 6889
 7046
 5406
 1673
 3432
 9285
 8212
 6247
  585
 7187
 4489
 7625
 4201
 1204
 8315
 2696
 4510
 9962
 9660
 9955
 3783
 2315
 2800
 3871
 9904
 9160
 9289
 8977
 6678
 8240
 6305
  434
 9228
 9173
 4981
 2067
 4567
 6979
 5012
 1532
 6801
 2394
 9402
 1331
 5211
 6680
 5967
 4904
 2344
 7412
 4397
 9508
 4702
 9736
 4200
 7344
 5751
 8808
 7492
 9325
 1776
  545
 1361
 9226
 1801
 8528
 3512
 4979
 9633
 1300
 3964
 3709
 8038
 9373
 8726
 6005
 7456
 6529
 4672
 9171
 5748
 5741
  840
 4553
 2975
 1842
 4877
 4809
 3232
 9362
 2733
 3193
 3940
  606
 1822
 5445
 5435
 6836
 6090
 9381
 1285
 1571
 8278
 3728
 4879
 4372
 1542
 5996
 9061
 4011
  126
 6147
 5123
 1682
  584
 5525
 1855
  962
 3648
 1275
 1222
 1919
 9917
  437
 1268
 6686
 5475
 8095
 7079
 8486
 7316
 6855
 1624
  146
 1419
 7232
 1110
 5794
 2576
  921
 7698
 1306
 4184
 8055
 5774
 1079
 2505
 5541
  407
 1802
 3207
 1062
 2981
 1806
  679
 3890
 1977
 7245
 2560
  676
 4072
 4458
  827
 6621
 5321
 9022
  811
 9168
 2150
 2390
 4430
 7757
 1014
 3373
 5520
 2984
 1405
 4483
 5430
 7215
 1578
 8166
 8447
 1965
 6402
 1722
 8793
 1763
  237
 8341
 6683
 6655
  961
 8259
 1861
 6663
 3313
 1616
 7257
 8488
 3029
 4082
 1257
 5662
 3821
 6753
 2292
 6557
 1620
 1002
 7673
  714
   84
 2910
 9789
 3673
 1471
 2300
 6595
 1519
 5727
 1311
 6141
 4881
 8826
  540
 5073
 5103
 1061
 9997
 5077
 4647
 6143
 3839
 9442
 8684
 2965
 8499
 8731
 4389
 2645
 8453
 2642
 9840
 4864
  131
 5186
  206
 7142
 1357
 5363
 4515
 8475
 9567
 2946
 2633
 8465
 8581
 5208
 2110
  234
 9252
 2149
 4095
 3160
 2623
 8169
 1671
 9795
 9482
  326
 6806
 7151
 6157
   28
 8805
 8788
 3101
 9874
 7493
 8102
 2780
 3585
 7427
  116
 9652
  594
 7248
 1982
 5189
  936
 7044
 7291
 2226
 3793
 5102
 9232
 9673
 1635
 4232
 2231
 7714
 7054
 6264
 2175
 9034
 1004
 4594
 3107
 2887
 9516
 2477
 3923
 2445
 9093
 5253
 3080
 9139
 4537
 6494
 5920
 4028
 8759
 4078
 1839
 7947
 4455
 5588
 6458
 7331
 6876
 9777
 7579
 2779
 2448
 2371
 1814
 1424
 3054
 9036
 1296
 6820
  888
 5532
 2286
 7420
 5655
 6571
 6943
 8017
 1153
 3943
 4466
 3713
 2894
 1928
 1611
 4640
 3397
 6432
 9101
 3657
 4779
 8755
 5857
 6153
 7734
 1347
 8967
 2675
 9653
 3273
 6653
 5720
 3136
 9465
 1880
 8727
 6674
 7309
 2197
  157
 8473
 3233
 7157
 2199
 2711
 6672
 7385
 1414
 3341
 5341
 6693
 4993
 6741
 4233
 7919
  755
  601
 4428
 4168
 1902
 9543
 5573
 8467
 1936
 2001
 5974
 8734
 6905
 6711
 2670
  716
 7946
 8171
 9534
 4419
  746
 5062
 2097
 3247
 6460
  296
 2406
 4212
 6034
 9038
 4110
 7988
 6306
 2045
 4044
 3000
 6112
 6793
 1052
 7198
 4927
 1515
 3616
 2365
 8033
 8273
  910
 5443
 4511
 4596
 9857
 1019
 9976
 3127
 2990
 4053
 5437
 3555
 4280
 8551
 5429
 8018
  183
 7574
 3812
   29
 7803
 2877
 9995
 2739
 6033
 4203
 1168
 9972
 2646
 4285
 1510
  179
  883
 1464
  956
 3473
 3967
 3117
 7555
  367
 9894
 7509
 3866
 1920
 3982
 2064
  475
 8513
 5310
 3716
 5234
 1587
 2396
 2201
 3684
 4601
 3664
 5503
 2693
  113
  198
 2118
 5271
 6853
 3490
 9903
 4924
 2452
 1287
 2668
 8568
 1158
 9408
 5051
 4394
 9043
 1741
 4230
 7176
 3618
 7706
 4502
  708
 9251
 9272
 3885
 2462
 8370
   74
 8432
 5398
 7404
  248
 4354
 3143
 7422
 6953
 3754
 1900
 5006
 5160
 7469
 9822
  429
 6063
 2172
  632
 8177
 7323
 5249
 3514
 1252
 8215
 2202
 2653
 3138
  947
 5667
 6425
 1644
 9842
 6270
 1677
 3024
 7849
 6752
 6505
 7756
 7933
  152
 9004
 3963
 5905
  953
 5079
 5618
 9694
 3206
 1008
 4745
 4321
 1625
 1086
 1321
  399
 3001
 8012
 4894
 4932
 8343
 5131
 8394
 2317
 8141
 3564
 9921
 4866
  452
 5579
 8692
 2915
 4018
 5438
   54
 5217
 9664
 8922
 7911
 8994
 6468
 5813
 8985
  741
 7811
 3343
 6259
 3965
 1670
 6771
 3211
 7985
 4651
 4464
 7299
 5478
 7557
 9473
 7974
 6585
 4488
  354
 9339
 4525
  556
 6691
  777
 1247
 4246
 2493
 8254
 8252
 3954
 7483
 7460
 2903
 2895
 2179
   67
 4752
 6166
 5851
 1738
 5904
 2613
 8552
 8036
 5071
 4759
 9676
 2778
 8065
 1338
 3306
 4669
 9699
 6103
 4790
  199
 1011
 5752
 4665
 8265
 4876
  635
 1617
  800
 7765
 4929
  781
 1952
 3073
 3727
 1623
 9302
 9722
 5628
 8437
 5036
 1687
  192
 4497
 9427
 9242
 2169
 2363
 2832
 5693
 3412
 1886
 1570
   93
 1529
 7139
 1284
 7783
 7553
  835
 4775
 4054
 2536
 2624
 8794
  480
 6859
 1926
 9495
 5845
 7915
  103
 4308
 1536
 4911
 6648
 6710
 4996
 7585
 2435
 5590
  214
 2355
 2447
 6952
 2997
 2873
  845
 8203
 6700
 3884
 5423
 4370
 3859
  275
 4386
 1887
 8514
 2968
 7445
 9415
 6360
 7065
 2953
 3315
 7685
 2198
 7873
 3274
 7668
 6917
 9499
 3721
 8830
 7523
 5733
 5715
 1577
 5389
  654
 3590
 9792
 4107
 2347
 1298
 7800
 9167
 6813
  209
  764
 3941
 3223
 3600
 9957
 4264
 7473
 9044
 9403
 7496
 9271
 7605
 2606
 5422
 6685
 8404
 1366
 5142
 4792
  794
  658
 3359
 8923
 1731
 4826
 4152
 5988
 5747
 9382
 4369
 6821
 9145
 9002
  247
 2652
 4888
 7952
 4298
 7472
 1339
 5367
 9682
 4480
  612
 1615
  122
 2991
 3266
 8111
  261
 5680
 6654
 2037
 3119
 6884
 5664
 2860
 7183
 2442
 1283
 6064
 7894
 6532
 9393
  411
 7392
 6901
 8101
 8349
 5316
 6180
 4956
 5515
 8242
 7335
 3153
 4544
 8041
 4015
 9389
 1954
 2741
 5365
  941
 6597
 6021
 4029
 1820
 7893
 4316
 3580
 8557
 6094
 8799
 6408
 4751
  643
 8688
 1378
 8831
 3007
 8624
 9559
  317
 6636
 4341
 6722
 5157
 2399
 2441
 8960
 2702
 1029
 7682
 6304
 8875
 1368
 7219
  743
  393
 4841
 6545
  408
 6530
 5065
 1948
 3038
 8093
 6296
  491
 4588
 9788
 5308
 2283
 6271
 3938
 5479
 3060
   27
 5233
 4834
 4364
 2040
 8549
 5830
 7683
 5025
 5919
 7342
  193
 8094
  508
 7624
 4457
 9280
 8643
 5508
 9695
 3205
 2242
 9529
 6175
  331
 9601
 5549
 6092
 5299
 3563
 8598
 4667
 6207
 5831
 7862
 3679
 2117
 6485
 8720
 9812
 4580
 8454
 9839
 2570
 7191
 2243
 9611
 2884
 9119
 5557
  604
 8024
 6550
 1799
 2426
  802
 1481
 8953
 9211
 1795
 6004
 3043
 9869
 5569
 3918
 5342
 5511
 7164
 1850
 4036
 7769
 7120
 8642
 3335
 4972
 1683
 3062
 8723
 6465
  748
 2638
 5231
 5597
 8116
 3455
 8152
  864
 6958
 4528
 8690
 7549
 3171
 7729
 6026
 6448
 6111
 9557
  615
 1351
 3725
  857
 1917
 7365
 9587
 3769
 6622
  944
 6960
 9551
 6079
   64
 5200
 3244
 5294
  385
 9797
 5811
 5952
 7748
 2996
 9331
 9826
 5047
 2697
 3671
 9183
 5343
 1070
 8498
 3931
 4031
 6476
 1608
  207
  270
 3819
 1544
 9023
 5686
 8372
 2844
 4615
 9039
 9890
 6193
 6824
 9187
 6723
 1441
 8921
 2261
 1024
 7402
 5599
 1121
 5799
 8005
 6581
 3344
 9184
 9394
 9165
  414
 4411
  818
 8451
 2222
 9846
 1759
 6066
 1236
 7330
 6262
 2529
  812
 7397
 3438
 6165
 2063
 8974
 8471
 3289
 2811
 7659
 8440
 8548
 5178
 2771
 3471
 6056
 9900
  233
 9205
 2785
 9555
 6495
 2311
 8604
 2402
 6484
 3113
 8371
 1058
 9467
 8583
 2656
  323
 4738
 4538
 2049
 5736
 6665
 2639
 5335
 6782
 1305
 3301
  798
 5874
 3042
 7521
 6746
 5791
 7888
 1957
 8011
 5701
 4566
 2932
 1179
 2831
 8002
 4041
  880
 1028
 6239
 3496
 1042
 8709
 5370
 6786
 8621
 9237
 8844
 7175
 2364
 6644
 4593
 6649
 8098
  523
 2630
 5039
  321
 6196
 2933
 6289
 3587
 7134
 5892
 5140
 7141
 8519
 3334
 1436
 9684
 4701
 1990
 1573
 3457
 1873
 8287
 6939
  547
  564
 1775
 9094
 5956
   66
 5177
 7417
 3566
 3576
 9484
 8701
 3652
 8823
 2308
 6288
 7884
 7511
  895
 4954
 2013
 8267
 3460
  134
 3913
 3508
  404
 7369
 1230
 9923
 9493
 5998
 4441
 1297
 6540
 4872
 6556
 5243
 2995
  737
 4629
  266
 6867
 1372
 5206
 1341
 9945
 6440
 3565
 6081
 5665
 2101
 2540
 1789
 8803
 4179
 8367
 1693
 7573
 5428
 9352
  204
 3518
 2583
 8712
 4536
 3897
 9312
 4456
 7300
 1292
 3749
 1151
 2091
 4847
 8207
 6260
 3739
 6998
 5626
 9319
 1893
 8306
 8261
 6387
 2973
 3642
 3753
  848
 1927
 4189
 4645
 1020
   33
 6101
 3790
 8399
 7825
 8128
 8175
 8342
  626
 5082
 2550
 7725
 1465
 7279
 8383
 8718
 1997
 6614
 2142
 3147
 1868
 9253
 4843
 6745
 2019
 1456
 1924
 7741
 6840
  567
 7643
 1631
 8325
 2834
 9433
 8693
 1421
 4484
 4106
 7347
 8877
 5644
 3439
 6067
 1171
 3808
 1538
 8121
 4251
 1451
 6320
 4529
 2090
 4060
 8427
  767
 6100
 7032
 8817
 9629
 9092
 6589
 5222
 9149
 3378
 7701
 6645
 6455
 1964
 1393
 5635
 6760
   51
  799
 4002
 7013
 3072
 4359
 3014
 3661
 9494
 7774
 1994
 4373
 9357
 2356
 6675
 4875
 9523
 9478
 9491
  479
 6293
 9438
   94
 4099
 5750
 9563
 5716
 5337
 7267
 2627
 3075
 9769
 4199
  766
   50
 9800
 9474
 4248
  470
 9195
 1589
  472
  573
 2258
 3144
 8780
 1602
 5990
 9772
 8634
 5915
 1603
 5509
 9928
 2703
 4772
 3978
 6300
 6330
 6816
  982
  194
 6561
 6993
 3009
 1743
 4046
  875
 4718
 8416
 5980
  201
 5787
 6933
 3186
 7723
 1010
 9569
 6721
 1117
 3942
 4432
 5362
 3805
 1660
 4291
 2284
 5954
 3880
 6759
 6473
 7887
 3417
 2533
 6891
 8153
 6421
 7907
 2616
 8436
 7990
 1212
  378
 2089
 5580
 2178
   88
 2085
 3780
 8053
  533
 7168
  680
 1064
 8870
 7017
 9844
  738
 1567
 5932
 6326
 9726
 2296
 9390
 8943
 1972
 6224
 5473
 5663
 9804
 9572
 5993
 1170
  871
 9399
 5553
 9192
  482
 3925
  969
 7429
 8286
 9658
 2612
  996
  865
 7350
 7296
 3084
 6132
 5354
 3905
 8314
 6612
 5646
 4707
 7137
 8569
 6930
 3685
 1574
 1991
 6531
  415
  310
 8292
 3873
 6412
 3418
 6823
 4010
 5377
 4424
 3534
 7772
 2869
 6524
 3678
 6121
 2858
 6639
 4581
 2649
 8873
 8902
  148
 7955
 8603
 4849
 4606
 8854
 6590
 7538
 2504
 8208
  937
 2332
 4605
 4652
  938
 1012
 4863
 2746
 3634
 7592
 7939
 9098
  909
 9140
 9830
 3734
 2236
 2908
 7338
 1772
 2273
 5795
 1433
 7960
 1517
 3192
 5584
 4953
 7788
 7421
  988
 3748
 9307
 4391
 4077
 7594
 1702
 7597
 2685
 3175
 7228
 4746
 8220
 6713
 1102
 5746
 3544
 4777
  462
  535
 8888
 3848
 1716
 7777
 1834
 4662
 9517
 1751
 7266
 5528
 6712
 8482
 9793
 9503
 4294
 3920
  409
 9042
 3588
  297
 8206
 6829
 2846
 9337
 7405
 1511
 9801
 2027
 1690
 5922
 3575
 9099
  674
 5264
 2395
 7167
 7366
 6364
 7628
 9824
 1812
 7386
 8616
 2415
 8253
 6174
 1126
 4358
 8979
 7091
 8637
 7045
 8313
 1583
  733
 3312
 3245
 7517
 5281
 5149
 5307
  636
 6925
 8324
 2380
 1033
 5971
 5721
 7839
   75
 1639
 9241
 6995
 3479
 8419
 5979
 4968
 1123
 2632
 2682
 3615
 5132
 5372
  619
 3415
 3759
 8178
 6922
 1273
 2788
 1274
 8924
 4743
 7916
 8758
 6738
 7264
  715
 6389
 7696
 9083
 5763
 3855
 4969
 1604
  902
 9762
  861
 1005
 5775
 7334
 4883
 9818
  213
 3202
 4090
 4626
 8874
 6076
 4931
 1883
 8317
 9324
 2352
 8848
 7304
 3169
  446
 8333
 1049
 1696
 2923
 3079
 4360
 8584
 2912
 7903
 6799
 6065
  780
 2523
 4138
 8614
 5530
 5402
 6255
 6212
  384
  647
 6501
  377
 7975
 6407
 2955
 7732
 5712
 6048
 1416
 3501
 7049
 2459
 1984
 2471
 9258
 5017
  518
 1418
 4102
  806
 8938
 9102
 7009
 7898
 1674
 4112
 4276
 2281
 3481
 6167
 9693
 8504
 9322
 2641
 3268
 7068
 3776
 7261
 7038
 2077
 9085
 5834
 4507
 6315
 1769
 9263
 5154
 5250
 1138
 2421
 3969
 6757
 5013
 6838
 7796
 9841
 1809
 2664
 3081
 2288
 7567
 8384
 1259
 8749
 8304
 3755
   58
 7841
 6163
 5825
  560
 5317
 6311
 7708
 2207
 2825
 4909
 4519
 5481
 2972
 6479
 9608
  637
 4404
 5624
 9798
 9584
 4252
 1658
 3431
 7423
 5989
 6513
 3824
 7152
 4801
 7081
 6961
 2661
 3219
 6303
 4493
 8303
 6835
 5252
 7941
 8234
 1442
 9194
 4167
 2776
 5872
 1707
 1661
  422
 6833
 4970
 1383
  660
 9365
 7100
 2468
 9110
  357
 2211
 3356
 8878
 8987
 1131
 2061
 1701
 8882
 6179
 7775
 2584
 1408
 8079
  868
 6579
 4820
 4000
 2557
 3796
 4922
 9080
 1467
  386
 5991
  603
 5570
 2397
 2033
 7692
 3655
 8970
 3391
 2302
 6724
 5197
 3181
 7072
 6138
 5556
 5283
  302
 7073
 7686
 6386
 5129
  561
 7078
 8080
 5765
 8466
 9141
 1780
 4260
  361
 3095
 4236
 1315
 1495
 9575
 7418
 1503
 7715
 1136
 2920
 4803
 1183
 1889
 8669
 1193
 6967
 5592
 7804
 9309
 4259
 7116
 2080
 1575
 7824
 5110
 4890
 1590
 9476
 1539
 8039
 4836
 9697
 5348
 5162
 5692
 9005
 1440
 1371
 4604
 2494
 8050
 5239
  132
 3082
 7546
  481
 6245
 3429
 5994
 6640
 2660
 2248
 2500
 3401
 9137
 7486
 2742
 7699
 6438
 2220
 5356
   53
 5085
 7003
 3366
 2082
 6924
 2295
 7104
 3152
 6912
  197
 4413
 6562
 9284
 2688
 8894
 6047
 3813
 2538
 5431
 2024
 3672
 9370
 9076
 9657
 3290
 2917
 8864
 3011
  353
 4123
 3677
 3492
 6601
  609
 1282
 2412
 6086
 3718
 3241
 4481
 2000
 3002
 3128
 3039
 6569
 4148
 1929
 8062
 6974
 5137
 4921
 1143
 6489
 6794
 7438
 5890
  485
 6013
  182
 1178
 3827
 8636
 1452
 6582
 8556
 6883
 7854
 8415
 3708
 4311
 5407
 7526
 9116
 6168
 7115
 5560
 7020
 5804
 3440
 8052
 8732
 9334
 8082
 9019
 2886
 7260
 4715
 4409
 2432
 7286
 2853
 5697
 3380
 3916
   17
 7980
 8522
 6043
 1270
 1734
 5908
 9201
 2601
 9898
 6388
 7094
 9538
 2567
 1933
 2790
 2683
 4731
 7639
 2756
